212	206
211	205
66	53
5	52
108	51
235	236
231	48
230	47
229	46
228	45
59	35
57	43
56	42
55	41
43	33
42	32
41	31
38	30
165	256
37	29
164	10
32	28
81	60
208	217
117	255
4	194
258	258
1	249
107	96
234	233
79	67
206	228
20	24
13	4
69	56
10	55
137	139
246	257
119	104
14	5
71	254
12	253
68	49
245	12
118	103
9	252
67	54
194	195
8	251
15	1
23	25
150	155
2	250
163	2
77	65
204	226
18	22
145	154
62	44
257	248
3	3
16	6
70	50
11	9
138	140
78	66
205	227
19	23
242	11
50	124
237	229
112	98
53	127
180	128
121	106
153	156
154	157
213	218
157	158
39	222
160	164
49	123
226	221
252	94
126	163
185	187
233	239
232	238
173	176
52	126
179	178
120	105
202	224
25	27
178	177
51	125
225	220
127	161
167	174
40	223
214	219
201	216
24	26
47	122
113	99
172	175
45	121
44	120
35	119
162	165
124	112
6	101
250	243
123	111
122	110
90	109
72	102
116	100
109	97
236	237
134	138
7	95
227	235
100	82
92	81
91	80
17	21
76	64
203	225
80	68
85	69
254	245
255	246
256	247
247	240
248	241
166	92
249	242
251	93
253	244
238	230
239	231
240	232
241	234
36	196
200	197
207	198
209	199
198	200
199	201
197	202
210	203
215	204
217	214
218	215
192	184
183	185
184	186
186	188
188	189
193	190
187	191
195	192
196	193
171	171
158	159
159	160
161	162
132	129
133	130
129	131
139	132
135	133
136	134
128	135
130	136
131	137
142	141
149	142
140	143
141	144
144	145
146	146
143	149
147	150
148	151
34	113
48	114
46	115
54	116
33	117
125	118
89	107
101	108
102	85
103	86
106	87
114	90
115	91
73	57
74	58
75	59
82	61
83	62
84	63
87	70
95	71
96	72
86	73
88	74
93	75
94	76
97	77
98	78
99	79
58	34
60	36
63	38
64	39
65	40
29	15
21	16
22	17
26	18
27	19
28	20
243	7
244	8
30	13
31	14
61	37
110	88
111	89
104	83
105	84
155	152
156	153
151	147
152	148
176	172
177	173
168	170
169	168
170	169
174	166
175	167
189	181
190	182
191	183
181	179
182	180
216	207
219	208
220	211
222	212
224	213
221	209
223	210
259	260
